2016060105016        张哲       590.4      1         
2016060105025        苗润泽     544.9      2         
2016060105011        邹启帆     527.4      3         
2016060105017        陈宇       506.4      4         
2016060105008        周锦超     502.9      5         
2016060105021        赵士凯     502.9      6         
2016060105006        田加林     502.9      7         
2016060105009        黄振宇     492.4      8         
2016060105004        姚森瀚     485.4      9         
2016060105007        冯昊       429.4      10        
2016060105027        王鼎业     419.5      11        
2016060105001        何梦晗     0.0        12        
2016060105002        王怡飞     0.0        13        
2016060105003        蒙姜冰     0.0        14        
2016060105005        刘锴       0.0        15        
2016060105010        詹紫琦     0.0        16        
2016060105012        林方禹     0.0        17        
2016060105013        韦雄日     0.0        18        
2016060105014        赵泽原     0.0        19        
2016060105015        曾昊旻     0.0        20        
2016060105018        王宗斌     0.0        21        
2016060105019        李想       0.0        22        
2016060105020        魏山岚     0.0        23        
2016060105022        王秋月     0.0        24        
2016060105023        刘术辉     0.0        25        
2016060105026        施安吉     0.0        26        
2016060105028        杨满泳     0.0        27        
