9527                小强      6666      1         
2016060105002       王怡飞    566       2         
2016060105012       林方禹    548.5     3         
2016060105016       张哲      545       4         
2016060105025       苗润泽    544.9     5         
2016060105011       邹启帆    527.4     6         
2016060105017       陈宇      506.4     7         
2016060105008       周锦超    502.9     8         
2016060105021       赵士凯    502.9     8         
2016060105006       田加林    502.9     8         
2016060105009       黄振宇    492.4     11        
2016060105004       姚森瀚    485.4     12        
2016060105007       冯昊      429.4     13        
2016060105027       王鼎业    419.5     14        
2016060105001       何梦晗    0         15        
2016060105003       蒙姜冰    0         15        
2016060105005       刘锴      0         15        
2016060105010       詹紫琦    0         15        
2016060105013       韦雄日    0         15        
2016060105014       赵泽原    0         15        
2016060105015       曾昊F    0         15        
2016060105018       王宗斌    0         15        
2016060105019       李想      0         15        
2016060105020       魏山岚    0         15        
2016060105022       王秋月    0         15        
2016060105023       刘术辉    0         15        
2016060105026       施安吉    0         15        
2016060105028       杨满泳    0         15        
